-128
-128
-128
-128
-128
-128
-128
-128
-128
-128
-128
-128
-128
-127
-127
-127
-127
-127
-127
-127
-127
-127
-127
-127
-127
-127
-126
-126
-126
-126
-126
-126
-126
-126
-126
-125
-125
-125
-125
-125
-125
-124
-124
-124
-124
-123
-123
-123
-123
-122
-122
-122
-121
-121
-121
-120
-120
-120
-119
-119
-118
-118
-117
-117
-116
-116
-115
-115
-114
-113
-113
-112
-111
-110
-110
-109
-108
-107
-106
-105
-104
-103
-102
-101
-99
-98
-97
-95
-94
-93
-91
-90
-88
-86
-85
-83
-81
-79
-77
-76
-73
-71
-69
-67
-65
-63
-60
-58
-55
-53
-50
-48
-45
-43
-40
-37
-34
-32
-29
-26
-23
-20
-17
-14
-11
-8
-5
-2
1
4
7
10
13
16
19
22
25
28
31
33
36
39
42
44
47
49
52
54
57
59
62
64
66
68
70
72
75
76
78
80
82
84
85
87
89
90
92
93
94
96
97
98
100
101
102
103
104
105
106
107
108
109
109
110
111
112
112
113
114
114
115
115
116
116
117
117
118
118
119
119
119
120
120
120
121
121
121
122
122
122
122
123
123
123
123
124
124
124
124
124
124
125
125
125
125
125
125
125
125
125
126
126
126
126
126
126
126
126
126
126
126
126
126
127
127
127
127
127
127
127
127
127
127
127
127
127
