-128
-128
-128
-128
-128
-128
-128
-128
-128
-128
-128
-128
-128
-128
-128
-128
-128
-128
-128
-128
-128
-128
-128
-128
-128
-128
-128
-128
-128
-128
-128
-128
-128
-128
-128
-128
-128
-128
-128
-128
-128
-128
-128
-128
-128
-128
-128
-128
-128
-128
-128
-128
-128
-128
-128
-128
-128
-128
-128
-128
-128
-128
-127
-127
-127
-127
-127
-127
-127
-127
-127
-127
-127
-127
-126
-126
-126
-126
-126
-125
-125
-125
-125
-124
-124
-123
-123
-122
-122
-121
-121
-120
-119
-118
-118
-117
-115
-114
-113
-112
-110
-109
-107
-105
-103
-101
-98
-96
-93
-90
-87
-83
-80
-76
-72
-68
-63
-59
-54
-49
-44
-38
-33
-27
-21
-15
-9
-3
2
8
14
20
26
32
37
43
48
53
58
62
67
71
75
79
82
86
89
92
95
97
100
102
104
106
108
109
111
112
113
114
116
117
117
118
119
120
120
121
121
122
122
123
123
124
124
124
124
125
125
125
125
125
126
126
126
126
126
126
126
126
126
126
126
126
127
127
127
127
127
127
127
127
127
127
127
127
127
127
127
127
127
127
127
127
127
127
127
127
127
127
127
127
127
127
127
127
127
127
127
127
127
127
127
127
127
127
127
127
127
127
127
127
127
127
127
127
127
127
127
127
127
127
127
127
127
127
